length of initiatory lines, and the number of their appearance:
0   155
1   236
2   354
3   267
4   237
5   228
6   233
7   238
8   241
9   227
10   207
11   217
12   224
13   191
14   175
15   160
16   175
17   166
18   145
19   141
20   134
21   118
22   128
23   128
24   120
25   108
26   92
27   87
28   73
29   75
30   81
31   82
32   111
33   132
34   122
35   129
36   128
37   142
38   127
39   124
40   126
41   105
42   112
43   113
44   106
45   120
46   114
47   126
48   117
49   102
50   95
51   92
52   96
53   98
54   95
55   79
56   86
57   95
58   100
59   92
60   76
61   69
62   71
63   65
64   61
65   57
66   60
67   54
68   57
69   56
70   62
71   75
72   67
73   49
74   42
75   36
76   41
77   41
78   44
79   35
80   31
81   25
82   28
83   24
84   29
85   28
86   23
87   18
88   16
89   13
90   15
91   13
92   11
93   13
94   12
95   7
96   8
97   6
98   6
99   5
100   5
101   5
102   4
103   2
104   2
105   2
106   1
107   1
108   1
109   1
length of periods, and the number of their appearance:
1   5686
3   69
6   989
117   3256
